[Setup]
	STARTTIME = 20160101T19:00:00
	ENDTIME = 20190101T19:00:00
	SITENAME = site_mtGraham
        LATITUDE = 32.70131 # deg N
        LONGITUDE = -109.88906 # deg E
        ELEVATION = 3221.0 # m 
